apartment_0_0000 01 00 05 0.03983600836158821 0.03320730716044167 -0.04990082456666828 0.028755136829765132
apartment_0_0000 01 00 08 0.03983600836158821 0.07771678040858053 0.01799330331239174 0.12548384830247666
apartment_0_0000 01 00 11 0.03983600836158821 -0.10640088850805365 0.04327385815017684 0.167585694435055
apartment_0_0001 01 00 05 0.09421322225655002 0.06728402872380021 -0.07406801954965747 -0.08734331086984293
apartment_0_0001 01 00 08 0.09421322225655002 0.10892703448234983 -0.01662267847480567 -0.06280743963076482
apartment_0_0001 01 00 11 0.09421322225655002 -0.16540602251632036 0.048490310236359524 -0.035668021103226255
apartment_0_0002 01 00 05 0.035102222502398396 0.03160088173782101 0.028198308976962905 -0.11355045181857411
apartment_0_0002 01 00 08 0.035102222502398396 0.06688686898818108 0.07139724957528965 0.0049890506737085005
apartment_0_0002 01 00 11 0.035102222502398396 -0.0956172078807451 -0.04586032357665168 0.0496062771517875
apartment_0_0003 01 00 05 0.07137383312927532 0.028087775520380713 -0.16223257880558445 0.06138782222863717
apartment_0_0003 01 00 08 0.07137383312927532 0.07494262718174281 -0.012623780932688844 0.000725930620304599
apartment_0_0003 01 00 11 0.07137383312927532 -0.15877051410403026 -0.1591316656028438 0.1637541556319856
apartment_0_0004 01 00 05 0.11516407800903199 0.04650925018976097 0.131441895185761 0.02433891103036223
apartment_0_0004 01 00 08 0.11516407800903199 0.1779246700384856 -0.0014841625217599796 -0.054436321653229286
apartment_0_0004 01 00 11 0.11516407800903199 -0.17554357940426127 0.17772625309745588 -0.11624971858334804
apartment_0_0005 01 00 05 0.07360585898405536 0.020273616343693176 0.0596885258117425 0.05995949639074091
apartment_0_0005 01 00 08 0.07360585898405536 0.13386498692832288 -0.04223051304688674 -0.10316409631854692
apartment_0_0005 01 00 11 0.07360585898405536 -0.13956288596970318 -0.0005697780056244106 -0.03282243985346853
apartment_0_0006 01 00 05 0.08820401179807752 0.032048747869740615 0.07084203213501106 -0.028385578722243066
apartment_0_0006 01 00 08 0.08820401179807752 0.17472811208501918 0.05626288649502567 -0.0468339901252659
apartment_0_0006 01 00 11 0.08820401179807752 -0.16908386431162187 0.0594940330056368 0.052084501479033596
apartment_0_0007 01 00 05 0.11652102905387882 0.10308968020616235 -0.015622921768218972 0.03829456709533352
apartment_0_0007 01 00 08 0.11652102905387882 0.15426823687996258 0.1704143823387967 0.054894294299750485
apartment_0_0007 01 00 11 0.11652102905387882 -0.14993303130500646 0.14164572438772544 -0.07291811480253696
apartment_0_0008 01 00 05 0.09777855330319794 0.06590840160219624 0.04515040863074052 0.012678831402737983
apartment_0_0008 01 00 08 0.09777855330319794 0.14602111776804663 -0.014183827402992066 0.07819673552223216
apartment_0_0008 01 00 11 0.09777855330319794 -0.11984512880689611 0.10328310337929358 0.15977649637820757
apartment_0_0009 01 00 05 0.06483482631697285 0.03449577764199696 -0.16062556121886398 0.0075038492407740465
apartment_0_0009 01 00 08 0.06483482631697285 0.1419398049049202 0.10761977499081843 0.1238294952216955
apartment_0_0009 01 00 11 0.06483482631697285 -0.12465860217249283 -0.04199974666640674 -0.14653790551872245
apartment_0_0010 01 00 05 0.06606371093537006 0.05552683480792499 0.09286043873876337 0.09068354137969353
apartment_0_0010 01 00 08 0.06606371093537006 0.10074696919826148 -0.023373957916269422 0.08088319921865833
apartment_0_0010 01 00 11 0.06606371093537006 -0.06807916193583997 0.17866442363177448 -0.13192654271547655
